Parallel: 1.00000005E-4
Sequential: 2.0000001E-4
